$ANSIBLE_VAULT;1.1;AES256
62356234643131323834656539626237353666396462653165396361616431633139386434356531
3738303230346435363830363539626538623563306636640a316564623664656134303032333262
33366434366638613438653730383831613134656663303666336235336431326339633236343036
3630636235643466320a356432383833376331326161376337643539383964346638613933323939
63303861333465636264643037373135633361613332373336666363396466333034333332663034
65653837383732663764313366346663626164343863663431616636356132616530623961386266
63343231663432646434356234396237646665356266623237393732356637363563366662626638
36336637643638616633343430393035646361333837633133336439663231383761373264393135
36363634363461623365353330303132326332623132623639376435313161333264303831616139
32643661656435306366386537353631613166366165313830653430333164656539383132653266
33313431353135613933353530393835346362373838333735623730636436323061396136333364
62356562626536663465653464663537383230363539306562386336653237373962353133313863
63363861613937366230303366646566616438636538383732383566663964653335663766303136
37636531303535666532626633653332633331393930356431363730633838386435316631663861
33623431316130366538343165653061626135666437353232346164663766623863653032313565
65333737393531363261376231353730313335373730313965386433336236343037356464623732
33663964663132633163393765376164646163373039303636373339663832306561333538643632
39653537643736353530313339306661623034666236633039666262343066646530353430623961
35376130646439633632396261613932396134313231613030363861663463633364326337663332
31313833306465306664636463313539666163346235346466346362656664356633343062373761
34613130356332636338666532313438333535343639313232393735306365366237666331303339
62333231663165633236353938663266633433363766396362316437393239633531313762366663
37376164306465343132313265316431353863313136353933623036643130663736613836636161
31616366623333623364343835663262343131616438633538666532323363666364383636303035
31323739376338623834613466393736666463393865316332373234333438626166663062616139
38353364653039626339326361303864306332333936663861643432626465663534653261316632
62613933646262623431336263343130353532383532353233663432383265313135643061346665
63623934396438636538373666306665366339366236386264353663623065633563633934383966
61316532373265333566633761366362616563333461396538663633656336643939343162373066
61653233306261336134373962656232633062306136313332326134656534653064383233653735
36323761313931323961643332636436303133663237306166343132663838376466373831633134
35356462633036393430323466363661376635393034323730316130386637313039373731303435
33363332393964373362326132346433313362336231613639396433643737633438666563653431
61366163613864383361626630346139383636653731633036666366386264373066633862363430
61653364363535303764343532303565616165346130613330633635363035353966666630636666
34343663363733653339343536343032313362633035353366336261623964663865616661376365
63626364303266313438303062346436636636626336356565323134663666313239343464346365
31346561353939376235613831633265643435333339313130366230666663626330393832306230
32646165376531366535303965643132346365393464613366393366356435653865653131323538
31636662356162656438616362633364383639663830313437313336366263323832653238306236
36653537336537616162376236633037623166316636633534346666646534336438343463626234
66613436623863373433623336663835383936386134376330646337653835356661323639376638
34303937306265383339376339373664633539343161336562666531356230393138613262353231
34346431323333656264333034313761643230386462346139333837616266623063373864363931
61346531623966353331303735343735343462383864636336353664306235616337626361356534
63386662363433376266653331393138373636626632616635613538633433643138633030663664
36373436633936343636363932643366343437646638363761326530623832306534363461646262
37346333303063353631363538313164366461653963643666666361656132616163636563626336
35313937316536343433343939663435363436383639353939613334636662313365383764323039
30373631313639626664393732353966346332633737343735323738376531646330626138366537
64353032316133373031613834396436656261343265643936653763333166313262656131656436
31303336346634373163393236383339623266373664393165656662663564393265326463623262
34393565333664666663613362623630353265323231363734363763316231643264623663613361
63393963343961343234396164616431316337613463306465633436306333376432333035366438
32666132373732336438306665306661396331643263393366363334653138636462356635626161
37656564343737653863303964646338663166313439636463363139336439333064386361323338
63383334393735343765396232383539393262343334383339376232353534336565333630323132
36366565383761353038616237656363616433643137643661363435323234353031376535386539
34333166313562663562366631333332366130393564643839313132656236663735386138353330
36343065346438356231646333393933323135323761643563653533343263323066623366613938
62306665643930383364386636343261633265666333623665383264623030393033383337376130
37636434613432373433343237333930376332313534383730303035306532303338343665653437
32393238326139346236643563333461343234303735313562386364306538306633626262646661
34383830626633646336353961666536373332306633353164643065336639316437336630633234
33613531653434643763366233633735386339373833346330336465386363666165396339396262
31363866396334376236383634633238313830623935316635643337333266346564323435313862
39636537613730373833656531663161303732323561373461663336353864333636346233343737
39383037623761643066343236633861373436333830363135623830336332626236616530626563
62386264653164373532363232333033373039396231663738653030303432306530346539363363
35323033306530313066666130323962353837346564333035333861353837363634383062386332
65623132383738363833323232306166373535383835316132383562313064373462646664383038
62613730336635316532333033613432633235373866333333333732366331653337306632313461
38313535666265333530333561623834343164353636656137353439343034306333643663636166
63353630393039623433393164623631386632636135623337616236373034623764623236613161
31626230633630643233633331363131663366663238636466373965313730343639643263613738
30386564313662326335356537663862323532613031323933383233663033663433386664376363
65393836613736346361643434366661323238323137343665316138366262626235313262663733
30316139353063323661323865323432386635646561353231353563383735353137303433316134
32666234333666303838366662316434383032303233383638346337363061303236316562376137
33346632373736323165336338313937323464383730623334346537613065613732333737393265
62373831666136666536326231366366376163343035313835383961353632636631333161356134
36643438316536343337316631636335633036613864323137653236343963326130393463343337
61316263656430656631666231653266613631336436633666343434383138316439663231653337
30343038353833356338656434633839646434633832643038336164356131303631666130336435
37366636363466646635646635366663306233343666353832633763306231356234373235383135
63633465343932633133653132643062313536613764613365663732663730643433306265613238
61383438633836333134623266653136353330333835393530616330613061393961633636663166
65626231393836653066383165653132336437653136613436383963656336373562386362366166
64336461393436353264333435336136663364336265613836303963363630323265623861323866
31613163393138656537636638393737356635393264643137343738653536303931383037363139
61306565303830656533313038663461333265363739636436653866653165336466346564336262
36303266656637643235333561303361656531393661366532333866626535393637653463306538
64386131366334653266396237663562323033343461366633363266333432626461386430313765
33303661343735366334333863616462663465623932373939633436663834303333633239663738
61376237326330316361663065653161363439363331303939613433616362346163653534613136
35306330336432313739373239393166636238343462643965343863313231396334633235343431
36353432663834386263653664303364313965326466363133663135356136646430
